3 2 33 A
3 4 33 A
3 6 33 A
3 8 33 A
3 10 33 A
3 12 33 A
3 14 33 A
3 16 33 A
3 18 33 A
3 20 33 A
3 22 33 A
3 24 33 A
3 26 33 A
3 28 33 A
7 2 33 A
7 4 33 A
7 6 33 A
7 8 33 A
7 10 33 A
7 12 33 A
7 14 33 A
7 16 33 A
7 18 33 A
7 20 33 A
7 22 33 A
7 24 33 A
7 26 33 A
7 28 33 A
53 2 33 A
8 3 33 A
48 3 33 A
13 4 33 A
43 4 33 A
18 5 33 A
38 5 33 A
23 6 33 A
33 6 33 A
28 7 33 A
3 9 16 A
53 9 16 A
8 10 16 A
48 10 16 A
13 11 16 A
43 11 16 A
18 12 16 A
38 12 16 A
23 13 16 A
33 13 16 A
28 14 16 A
10 17 33 B
15 17 33 B
20 17 33 B
10 22 33 B
30 22 33 B